4665 92153
5393 5393
5393 26637
10284 2417
10284 33946
26375 168366
33946 2417
47619 8
50219 4665
50219 92153
75083 42182
75083 84647
92153 60337
93269 93306
99258 50329
104321 238279
132827 26139
134554 2417
134554 33946
163149 2417
176481 2417
184615 364375
184615 364376
205864 244881
222533 38224
223789 213163
224480 93318
247125 463
300856 511
300856 18038
325821 8
325915 325915
325915 325916
325916 325915
364376 184615
376989 13813
376989 50329
380338 519
408376 8
422097 8
442071 26139
453850 8
